optimized with V = (3.98, 12.03, 2.9) and epsilon = 0.2

[ 0.15208953,  0.41470837,  0.14167566,  1.09330739,  0.73908804,
        0.08182775,  0.38898396,  2.80639514,  2.1260087 ,  0.8094658 ,
        0.11021482, 11.44863116,  0.09666127,  1.06809172,  5.37997749,
        0.09179937, 11.50576853,  2.75039422,  2.20732516,  5.58059941,
        3.83063347,  0.38267047,  0.08737888,  1.1591049 ,  2.44031178,
        3.89367088,  0.24102442,  2.83428936,  2.19352159,  2.51847046,
        3.84511644, 11.54322612,  0.09125082,  1.26672622,  3.77436118,
        3.89433325, 11.60313932,  2.78029694,  2.14965256,  3.74062094]

15902 out of 15960  


Using GDOP (without considering orientation):
[ 0.29325053,  0.89621842,  0.20718304,  1.31326803,  1.22090274,
        0.31039543,  0.8481683 ,  2.75534156,  1.83696192,  1.21830154,
        0.2630228 , 11.38533752,  0.10523411,  1.31462662,  5.06761237,
        0.26859901, 11.44648558,  2.73377982,  1.83060974,  5.07310204,
        3.78122786,  0.83937601,  0.22645622,  1.31596205,  1.93429507,
        3.7918278 ,  0.89519463,  2.7728522 ,  1.83084825,  1.93776955,
        3.75488049, 11.42912936,  0.19153263,  1.31884094,  4.36562724,
        3.77140868, 11.40296266,  2.74248509,  1.83005218,  4.39598162]


Using GDOP (and considering orientation with a penalty factor to the fifth power):
[ 0.29325053,  0.89621842,  0.20718304,  1.31326803,  1.22090274,
        0.31039543,  0.8481683 ,  2.75534156,  1.83696192,  1.21830154,
        0.2630228 , 11.38533752,  0.10523411,  1.31462662,  5.06761237,
        0.26859901, 11.44648558,  2.73377982,  1.83060974,  5.07310204,
        3.78122786,  0.83937601,  0.22645622,  1.31596205,  1.93429507,
        3.7918278 ,  0.89519463,  2.7728522 ,  1.83084825,  1.93776955,
        3.75488049, 11.42912936,  0.19153263,  1.31884094,  4.36562724,
        3.77140868, 11.40296266,  2.74248509,  1.83005218,  4.39598162]

Using GDOP point counting (with threshold of 10):
[ 0.37597045,  0.62121267,  2.14354076,  1.37708617,  1.39176515,
        0.24869829,  0.52220901,  0.82194013,  2.1058068 ,  1.42624408,
        0.06571993,  4.36523332,  0.1797022 ,  0.87012808,  5.4404979 ,
        2.06885228, 11.53114843,  2.9       ,  2.50041449,  5.08825306,
        3.93767348,  7.43242536,  1.82419748,  1.38450349,  2.79576216,
        3.86625779,  7.83607222,  1.01520172,  3.12414109,  2.81803416,
        3.78742161,  4.15166977,  0.04847863,  1.57079633,  4.48238249,
        3.94588399, 11.79763269,  2.66707242,  2.15991132,  3.79587495]